SN: 25835781
M1: [1064.72, 0.0, 936.63, 0.0, 1064.46, 513.916, 0.0, 0.0, 1.0]
d1: [-0.0595428, 0.0352901, -0.000269541, 0.00043175, -0.0137668]
M2: [1061.82, 0.0, 970.2, 0.0, 1061.73, 533.046, 0.0, 0.0, 1.0]
d2: [-0.0595484, 0.036759, -0.000659383, -6.55747e-05, -0.0144267]
t: [-120.07, 0.0685476, -0.28224]
R: [0.9999945662080553, 0.0003608592638517886, -0.003276787291708496, -0.00036526720191000945,
  0.9999990291772466, -0.001344702359465051, 0.003276298862225299, 0.0013458919555574985,
  0.9999937272006307]
width: 1920
height: 1080
